epoch,time,train/loss_bbox,train/loss_ce,train/loss_giou,metrics/mAP50(B),metrics/mAP50-95(B),metrics/precision(B),metrics/recall(B),val/loss_bbox,val/loss_ce,val/loss_giou,lr/pg0,lr/pg1
1,5.78716,0.862599,1.36321,1.00924,0.0349389,0.0131338,0.0349389,0.176,0.192504,0.510614,0.69067,0.0001,1e-05
2,11.0979,0.164078,0.426321,0.521715,0.0871148,0.0331175,0.0871148,0.328,0.116345,0.347919,0.403384,0.0001,1e-05
3,16.5948,0.158561,0.321236,0.45178,0.0429644,0.0169432,0.0429644,0.316,0.116237,0.300195,0.439315,0.0001,1e-05
4,22.1615,0.109995,0.27948,0.385256,0.0567527,0.0245902,0.0567527,0.368,0.0981215,0.277739,0.342155,0.0001,1e-05
5,27.7359,0.0828967,0.268658,0.285881,0.0442187,0.0242014,0.0442187,0.388,0.0674532,0.26482,0.287164,0.0001,1e-05
6,33.4109,0.0772343,0.266033,0.284769,0.0248607,0.0142233,0.0248607,0.4,0.0551685,0.263483,0.210463,0.0001,1e-05
7,39.0254,0.0628929,0.262704,0.233317,0.0466304,0.0218297,0.0466304,0.631375,0.0551559,0.257887,0.201271,0.0001,1e-05
8,44.5748,0.0629587,0.252051,0.229511,0.0579492,0.0238562,0.0579492,0.773625,0.0608689,0.250408,0.228017,0.0001,1e-05
9,50.093,0.0520745,0.24541,0.197717,0.0450812,0.0292079,0.0450812,0.770875,0.044246,0.240702,0.193061,0.0001,1e-05
10,55.6555,0.0722339,0.238145,0.276224,0.0460544,0.0327489,0.0460544,0.80825,0.0402993,0.235192,0.177159,0.0001,1e-05
11,61.3115,0.0570888,0.235026,0.209208,0.0467429,0.0263981,0.0467429,0.746,0.0461869,0.229458,0.195504,0.0001,1e-05
12,66.8124,0.053771,0.233361,0.207306,0.0491571,0.0291798,0.0491571,0.82375,0.046877,0.232544,0.195018,0.0001,1e-05
13,72.4182,0.0608533,0.231024,0.21538,0.0397239,0.0200938,0.0397239,0.812625,0.050661,0.229265,0.19938,0.0001,1e-05
14,77.9436,0.0535532,0.226112,0.209634,0.0504545,0.0325312,0.0504545,0.830625,0.0364078,0.227321,0.161374,0.0001,1e-05
15,83.524,0.0558207,0.225086,0.220811,0.0501323,0.0301861,0.0501323,0.85625,0.0371639,0.222863,0.15762,0.0001,1e-05
16,88.9808,0.056804,0.223591,0.217695,0.0605444,0.0377994,0.0605444,0.81125,0.0494784,0.222719,0.193384,0.0001,1e-05
17,94.6143,0.0608627,0.210956,0.224632,0.112006,0.0634584,0.112006,0.8085,0.0455411,0.213217,0.208571,0.0001,1e-05
18,100.277,0.0536228,0.195048,0.217903,0.181802,0.103014,0.181802,0.831,0.0465849,0.209627,0.195695,0.0001,1e-05
19,105.997,0.0576146,0.197117,0.232068,0.188534,0.125873,0.188534,0.840125,0.0395404,0.209641,0.183114,0.0001,1e-05
20,111.504,0.057767,0.199728,0.212595,0.161242,0.0917364,0.161242,0.840375,0.0401472,0.211333,0.169984,0.0001,1e-05
21,117.235,0.0455509,0.20954,0.177799,0.104988,0.0521338,0.104988,0.855125,0.0387916,0.215325,0.164324,0.0001,1e-05
22,122.979,0.0529253,0.2097,0.186854,0.105427,0.053649,0.105427,0.830375,0.0420386,0.217216,0.178705,0.0001,1e-05
23,128.822,0.0454041,0.209014,0.17499,0.109668,0.0673275,0.109668,0.818125,0.0457154,0.213524,0.199996,0.0001,1e-05
24,134.57,0.0688591,0.204639,0.205141,0.136662,0.0937556,0.136662,0.870125,0.0396088,0.209641,0.181005,0.0001,1e-05
25,140.102,0.055123,0.198569,0.202759,0.199238,0.121046,0.199238,0.86,0.0387279,0.199214,0.159581,0.0001,1e-05
26,145.612,0.0531524,0.193632,0.205174,0.189522,0.105396,0.189522,0.838625,0.0422604,0.193067,0.191016,0.0001,1e-05
27,151.153,0.0744166,0.181446,0.243094,0.130335,0.0732976,0.130335,0.78,0.0549871,0.187126,0.248552,0.0001,1e-05
28,156.742,0.053286,0.176538,0.214654,0.137105,0.0760495,0.137105,0.875875,0.0387729,0.183613,0.164757,0.0001,1e-05
29,162.261,0.052251,0.186792,0.195239,0.0711328,0.0473461,0.0711328,0.854875,0.0371815,0.200837,0.163025,0.0001,1e-05
30,167.938,0.0507702,0.203896,0.191004,0.0891982,0.0615771,0.0891982,0.834625,0.0385116,0.207833,0.167533,0.0001,1e-05
31,173.598,0.0596267,0.209155,0.194744,0.113652,0.0587652,0.113652,0.797375,0.0475405,0.209787,0.194439,0.0001,1e-05
32,179.357,0.0679026,0.209599,0.213703,0.132493,0.0921037,0.132493,0.86425,0.036052,0.207639,0.163289,0.0001,1e-05
33,185.035,0.0517603,0.212295,0.189363,0.15963,0.0907809,0.15963,0.8665,0.040076,0.202829,0.155314,0.0001,1e-05
34,190.8,0.0497561,0.20201,0.181911,0.136342,0.0971873,0.136342,0.8645,0.038438,0.201311,0.164552,0.0001,1e-05
35,196.264,0.0477465,0.206826,0.185578,0.0785711,0.0474219,0.0785711,0.84925,0.0324697,0.204441,0.14662,0.0001,1e-05
36,201.872,0.0459239,0.205469,0.180025,0.112027,0.0611322,0.112027,0.854625,0.0398308,0.202544,0.164693,0.0001,1e-05
37,207.403,0.0463527,0.206089,0.177085,0.188226,0.10323,0.188226,0.876,0.0317942,0.202683,0.139513,0.0001,1e-05
38,212.999,0.0449913,0.201993,0.167391,0.267247,0.160721,0.267247,0.847,0.0339276,0.204676,0.162217,0.0001,1e-05
39,218.588,0.0498667,0.198704,0.189021,0.293225,0.171734,0.293225,0.847125,0.0445396,0.198426,0.185738,0.0001,1e-05
40,224.489,0.0617644,0.197014,0.221204,0.299429,0.182901,0.299429,0.86825,0.0368317,0.191372,0.1431,0.0001,1e-05
41,230.355,0.0583281,0.194274,0.211133,0.275077,0.173336,0.275077,0.714375,0.0586326,0.19914,0.256317,0.0001,1e-05
42,236.036,0.0555847,0.195709,0.204236,0.330265,0.179364,0.330265,0.8585,0.0346054,0.192763,0.155058,0.0001,1e-05
43,241.591,0.0681816,0.201044,0.218111,0.271717,0.1646,0.271717,0.869875,0.0404686,0.201921,0.155753,0.0001,1e-05
44,247.385,0.0438571,0.194257,0.167171,0.215304,0.126695,0.215304,0.856,0.0365227,0.20346,0.156854,0.0001,1e-05
45,252.93,0.0470364,0.198543,0.165846,0.186899,0.113839,0.186899,0.865125,0.042428,0.202156,0.160071,0.0001,1e-05
46,258.747,0.0417738,0.195249,0.16086,0.166118,0.109762,0.166118,0.86425,0.0365724,0.197109,0.156123,0.0001,1e-05
47,264.357,0.0465165,0.195669,0.176042,0.167703,0.0996585,0.167703,0.845125,0.0496724,0.195991,0.189892,0.0001,1e-05
48,269.935,0.0418384,0.192289,0.164101,0.15638,0.0965432,0.15638,0.86675,0.0404937,0.198628,0.178401,0.0001,1e-05
49,275.477,0.0473932,0.190313,0.173446,0.1797,0.109824,0.1797,0.877375,0.0342822,0.198908,0.136364,0.0001,1e-05
50,281.236,0.0441492,0.185937,0.160234,0.174461,0.1059,0.174461,0.86825,0.0347349,0.200709,0.157602,0.0001,1e-05
51,286.754,0.0450942,0.187329,0.169503,0.164521,0.117607,0.164521,0.904375,0.0326453,0.192226,0.13198,0.0001,1e-05
52,292.456,0.0462066,0.181375,0.171495,0.189107,0.13245,0.189107,0.9175,0.029825,0.18614,0.128478,0.0001,1e-05
53,298.083,0.0458206,0.179598,0.176366,0.192144,0.124298,0.192144,0.873625,0.0362499,0.195208,0.148985,0.0001,1e-05
54,303.733,0.0459195,0.175622,0.171311,0.219241,0.137329,0.219241,0.883375,0.0320983,0.194102,0.147875,0.0001,1e-05
55,309.561,0.0470517,0.175827,0.178661,0.209122,0.138222,0.209122,0.88875,0.037202,0.187234,0.155584,0.0001,1e-05
56,315.229,0.0535908,0.166588,0.199449,0.236707,0.117056,0.236707,0.865625,0.0388046,0.190225,0.158301,0.0001,1e-05
57,321.149,0.0454431,0.165131,0.177704,0.230098,0.156894,0.230098,0.85325,0.032799,0.192483,0.158882,0.0001,1e-05
58,326.712,0.0530785,0.167608,0.190152,0.204739,0.109253,0.204739,0.843125,0.0464588,0.199587,0.186395,0.0001,1e-05
59,332.35,0.0500647,0.168241,0.195894,0.209883,0.134748,0.209883,0.875,0.0427235,0.186354,0.158359,0.0001,1e-05
60,337.883,0.0503255,0.173224,0.184688,0.244491,0.143175,0.244491,0.898125,0.0305129,0.194397,0.129708,0.0001,1e-05
61,343.52,0.0449059,0.165001,0.169512,0.304468,0.191863,0.304468,0.902375,0.0339369,0.175543,0.141418,0.0001,1e-05
62,349.139,0.0508265,0.151809,0.180801,0.383893,0.237543,0.383893,0.85675,0.0396169,0.163433,0.18059,0.0001,1e-05
63,354.824,0.054444,0.144857,0.192034,0.424546,0.275323,0.424546,0.879625,0.0501281,0.163516,0.186674,0.0001,1e-05
64,360.513,0.0585703,0.147043,0.210324,0.415143,0.300998,0.415143,0.844125,0.0564777,0.145922,0.19451,0.0001,1e-05
65,365.943,0.0598819,0.142301,0.211351,0.446325,0.312207,0.446325,0.807375,0.0533688,0.139693,0.24001,0.0001,1e-05
66,371.615,0.0588286,0.133977,0.214536,0.515556,0.387864,0.515556,0.888625,0.0529186,0.11631,0.20421,0.0001,1e-05
67,377.19,0.0595659,0.12939,0.213623,0.498249,0.372615,0.498249,0.810625,0.0608532,0.11651,0.258246,0.0001,1e-05
68,382.887,0.0670521,0.120241,0.232408,0.63158,0.408702,0.63158,0.846,0.0640871,0.0976506,0.272693,0.0001,1e-05
69,388.482,0.0751686,0.116632,0.22839,0.682739,0.478821,0.682739,0.87025,0.0676064,0.0987667,0.228052,0.0001,1e-05
70,394.405,0.0746833,0.107629,0.24466,0.735184,0.500515,0.735184,0.88725,0.0738367,0.095988,0.239151,0.0001,1e-05
71,400.13,0.0688124,0.0994739,0.234316,0.77586,0.584409,0.77586,0.892875,0.0518985,0.0852904,0.194049,0.0001,1e-05
72,405.836,0.057435,0.106966,0.208853,0.737394,0.495505,0.737394,0.868125,0.0563894,0.0882681,0.217388,0.0001,1e-05
73,411.495,0.0648598,0.104109,0.233691,0.732988,0.49052,0.732988,0.86875,0.0647364,0.0868759,0.248513,0.0001,1e-05
74,417.287,0.0608249,0.103169,0.235112,0.722708,0.434937,0.722708,0.804375,0.0602263,0.0900621,0.274538,0.0001,1e-05
75,422.939,0.0804658,0.0993733,0.247744,0.729321,0.518418,0.729321,0.8635,0.050741,0.0876082,0.200943,0.0001,1e-05
76,428.591,0.0728714,0.099136,0.249542,0.807815,0.557179,0.807815,0.825125,0.0575565,0.0831622,0.222813,0.0001,1e-05
77,434.355,0.0652864,0.0944674,0.213967,0.861729,0.571897,0.861729,0.8415,0.0629517,0.0756947,0.213956,0.0001,1e-05
78,439.906,0.0687785,0.0893805,0.234208,0.906536,0.612832,0.906536,0.872375,0.0550227,0.0790842,0.218049,0.0001,1e-05
79,445.642,0.0634117,0.0913065,0.222117,0.867095,0.614658,0.867095,0.9,0.0513765,0.0782972,0.182303,0.0001,1e-05
80,451.094,0.0608408,0.0964767,0.221255,0.839911,0.590444,0.839911,0.869,0.0478517,0.0851614,0.194968,0.0001,1e-05
81,456.967,0.0761484,0.105101,0.252672,0.828984,0.478199,0.828984,0.829375,0.0647389,0.0847705,0.257004,0.0001,1e-05
82,462.846,0.0670627,0.0925696,0.226715,0.819996,0.621565,0.819996,0.900875,0.0510008,0.0710336,0.191425,0.0001,1e-05
83,468.688,0.0685892,0.0891389,0.25426,0.840323,0.53543,0.840323,0.890375,0.0503547,0.0825929,0.19493,0.0001,1e-05
84,474.411,0.0627986,0.09567,0.234537,0.872777,0.608255,0.872777,0.823625,0.0498125,0.0698677,0.235089,0.0001,1e-05
85,480.161,0.0639949,0.0875426,0.22519,0.866931,0.586248,0.866931,0.85625,0.0638407,0.0683662,0.247794,0.0001,1e-05
86,485.922,0.0677105,0.0815333,0.240244,0.853713,0.586934,0.853713,0.873875,0.0659666,0.0661009,0.242163,0.0001,1e-05
87,491.692,0.0698484,0.0748674,0.262879,0.923445,0.597038,0.923445,0.862125,0.0694395,0.0662187,0.309718,0.0001,1e-05
88,497.436,0.062854,0.0748279,0.253436,0.921944,0.614014,0.921944,0.842875,0.0671243,0.0583367,0.272437,0.0001,1e-05
89,503.212,0.0656215,0.0867223,0.244349,0.961216,0.59837,0.961216,0.870125,0.0417619,0.0818588,0.186354,0.0001,1e-05
90,508.953,0.085767,0.0656091,0.295161,0.964573,0.739968,0.964573,0.85325,0.0544074,0.0412223,0.241553,0.0001,1e-05
91,514.778,0.0666606,0.070507,0.264913,0.962885,0.644058,0.962885,0.844375,0.0606629,0.0507762,0.296823,0.0001,1e-05
92,520.49,0.0613244,0.0527775,0.260502,0.971848,0.768078,0.971848,0.8795,0.0504746,0.0286532,0.220713,0.0001,1e-05
93,526.102,0.0638222,0.0449119,0.261784,0.987275,0.682598,0.987275,0.86725,0.0592413,0.0373067,0.277259,0.0001,1e-05
94,532.009,0.06221,0.0550146,0.262918,0.976485,0.653036,0.976485,0.850375,0.059526,0.0468564,0.277633,0.0001,1e-05
95,537.69,0.0711576,0.0552384,0.284567,0.982959,0.746869,0.982959,0.855625,0.0550742,0.0225609,0.246509,0.0001,1e-05
96,543.452,0.0671885,0.0423097,0.26962,0.989356,0.77427,0.989356,0.8875,0.0446434,0.0274396,0.200495,0.0001,1e-05
97,549.188,0.0677245,0.0345393,0.282052,0.994528,0.650962,0.994528,0.839,0.0667793,0.041143,0.311573,0.0001,1e-05
98,554.796,0.0813515,0.0412103,0.306587,1,0.589941,1,0.757125,0.0977931,0.0152633,0.412749,0.0001,1e-05
99,560.52,0.0863925,0.0457183,0.322944,0.999238,0.669628,0.999238,0.852875,0.0470936,0.0301792,0.259152,0.0001,1e-05
100,566.407,0.0640411,0.0350717,0.277507,0.999238,0.755531,0.999238,0.883875,0.044793,0.0155081,0.233988,0.0001,1e-05
101,572.214,0.0613211,0.0237826,0.26953,0.999238,0.722793,0.999238,0.846875,0.050997,0.0134337,0.26705,0.0001,1e-05
102,577.754,0.0570387,0.0199572,0.258967,0.9967,0.762336,0.9967,0.853375,0.0490237,0.0170706,0.250231,0.0001,1e-05
103,583.668,0.0712085,0.019307,0.301394,0.9952,0.732548,0.9952,0.852,0.0497232,0.0136565,0.260904,0.0001,1e-05
104,589.211,0.0618739,0.0148573,0.275612,1,0.724216,1,0.833125,0.0546986,0.00706061,0.286047,0.0001,1e-05
105,595.105,0.0660984,0.0166967,0.292145,1,0.788616,1,0.849125,0.043756,0.0068734,0.208981,0.0001,1e-05
106,600.67,0.0640581,0.0139575,0.302581,1,0.696991,1,0.801875,0.0599985,0.00669862,0.300483,0.0001,1e-05
107,606.17,0.0685551,0.0168021,0.323906,1,0.684555,1,0.781625,0.0564686,0.00739618,0.30474,0.0001,1e-05
108,611.856,0.0967781,0.0177999,0.32669,1,0.742989,1,0.824375,0.0532274,0.00709863,0.273083,0.0001,1e-05
109,617.573,0.078526,0.0275571,0.36191,1,0.653494,1,0.785,0.0713106,0.00694381,0.35178,0.0001,1e-05
110,623.311,0.0664967,0.0154582,0.309438,1,0.576561,1,0.75125,0.0697591,0.00710079,0.408457,0.0001,1e-05
111,629.046,0.0703201,0.0157737,0.324979,1,0.659109,1,0.814125,0.0586541,0.0068233,0.319014,0.0001,1e-05
112,634.742,0.0779188,0.0197098,0.322959,0.999238,0.633158,0.999238,0.77225,0.0639084,0.0069952,0.344369,0.0001,1e-05
113,640.4,0.0664324,0.0122985,0.331422,0.999238,0.736566,0.999238,0.83325,0.0514776,0.00656593,0.266134,0.0001,1e-05
114,646.07,0.070206,0.0132324,0.29679,1,0.828344,1,0.869375,0.0384422,0.0062636,0.198341,0.0001,1e-05
115,651.68,0.0562627,0.0109941,0.25665,0.999238,0.761831,0.999238,0.838,0.048363,0.00612888,0.22464,0.0001,1e-05
116,657.274,0.0643529,0.0126784,0.300044,1,0.727894,1,0.83775,0.0531411,0.00585812,0.261202,0.0001,1e-05
117,662.876,0.0718486,0.0147745,0.317132,1,0.701434,1,0.791125,0.0586893,0.00553683,0.314871,0.0001,1e-05
118,668.375,0.0587574,0.0104906,0.248416,0.999238,0.782272,0.999238,0.850875,0.0468258,0.00538668,0.198383,0.0001,1e-05
119,674.076,0.0601491,0.00970603,0.264275,0.997878,0.738145,0.997878,0.834875,0.0544692,0.00599089,0.239778,0.0001,1e-05
120,679.636,0.0639735,0.0165076,0.277981,0.998533,0.775925,0.998533,0.828375,0.0486983,0.00607629,0.221899,0.0001,1e-05
121,685.501,0.0658314,0.0108397,0.266243,0.998533,0.691447,0.998533,0.78625,0.0562683,0.00526492,0.310804,0.0001,1e-05
122,691.225,0.0747799,0.0154772,0.319234,0.997878,0.736258,0.997878,0.815875,0.0500809,0.00545495,0.268058,0.0001,1e-05
123,696.777,0.0647323,0.00932754,0.284487,0.997878,0.727307,0.997878,0.80875,0.0529959,0.00565337,0.268846,0.0001,1e-05
124,702.631,0.0640906,0.0160659,0.293287,0.997878,0.702666,0.997878,0.795625,0.0697247,0.00589582,0.298949,0.0001,1e-05
125,708.334,0.0624258,0.0107405,0.284271,1,0.708011,1,0.81925,0.053257,0.00543108,0.273855,0.0001,1e-05
126,713.955,0.06104,0.010929,0.279464,1,0.706211,1,0.81925,0.0510538,0.00503459,0.283055,0.0001,1e-05
127,719.659,0.0708071,0.00906066,0.344823,1,0.813613,1,0.8625,0.0522063,0.00515401,0.202947,0.0001,1e-05
128,725.393,0.0605679,0.012307,0.282807,1,0.757247,1,0.820125,0.0476414,0.0044027,0.242596,0.0001,1e-05
129,731.066,0.0666041,0.0151206,0.285481,1,0.737611,1,0.834625,0.052496,0.00427934,0.244938,0.0001,1e-05
130,736.82,0.0610793,0.00919859,0.275159,1,0.758046,1,0.874125,0.0479528,0.00410191,0.239371,0.0001,1e-05
131,742.364,0.0560577,0.0120194,0.269929,0.998533,0.727215,0.998533,0.8485,0.053677,0.00496782,0.279576,0.0001,1e-05
132,748.056,0.0718909,0.0106589,0.312311,1,0.726642,1,0.7965,0.0617504,0.00451977,0.27463,0.0001,1e-05
133,754.059,0.0648762,0.00827331,0.292777,1,0.752627,1,0.810125,0.0481608,0.00427539,0.232924,0.0001,1e-05
134,759.768,0.067167,0.00979182,0.307876,0.999238,0.6421,0.999238,0.77325,0.0582148,0.00425249,0.346068,0.0001,1e-05
135,765.598,0.0591546,0.00776528,0.268034,0.998533,0.810664,0.998533,0.86625,0.0458026,0.004321,0.193981,0.0001,1e-05
136,771.055,0.0649873,0.0149993,0.299026,0.978709,0.785692,0.978709,0.859375,0.0454899,0.019952,0.208178,0.0001,1e-05
137,776.722,0.0590474,0.0210098,0.254922,0.98237,0.69438,0.98237,0.832875,0.0517285,0.019717,0.295311,0.0001,1e-05
138,782.271,0.0622629,0.0117232,0.269879,0.997269,0.755329,0.997269,0.814125,0.0546103,0.0107557,0.250755,0.0001,1e-05
139,787.914,0.0618652,0.0122267,0.273848,0.997269,0.768292,0.997269,0.85875,0.0485417,0.00522464,0.22395,0.0001,1e-05
140,793.88,0.0665541,0.0152587,0.293999,1,0.719599,1,0.828375,0.0488228,0.00383819,0.265206,0.0001,1e-05
141,799.478,0.0559746,0.00696579,0.253371,0.998533,0.807894,0.998533,0.8625,0.0497506,0.00375869,0.213219,0.0001,1e-05
142,805.339,0.0617955,0.010338,0.265452,1,0.721539,1,0.8045,0.059972,0.00343181,0.281517,0.0001,1e-05
143,811.106,0.0712878,0.0114911,0.326465,0.999238,0.724198,0.999238,0.814375,0.0605733,0.00342451,0.300132,0.0001,1e-05
144,816.648,0.0589718,0.00590012,0.269425,0.999238,0.695454,0.999238,0.813875,0.0580281,0.00344729,0.310015,0.0001,1e-05
145,822.321,0.0565045,0.00661548,0.249344,1,0.754874,1,0.82325,0.0556314,0.00365125,0.232791,0.0001,1e-05
146,828.117,0.0542708,0.0108495,0.247653,0.998533,0.805724,0.998533,0.865375,0.0480014,0.00378254,0.196418,0.0001,1e-05
147,833.822,0.0645966,0.0082551,0.281151,1,0.775956,1,0.8625,0.0523525,0.0032943,0.227585,0.0001,1e-05
148,839.744,0.0634908,0.0111338,0.263403,1,0.755742,1,0.836,0.0620516,0.00357183,0.265257,0.0001,1e-05
149,845.442,0.0632209,0.006339,0.268583,1,0.669538,1,0.780875,0.0539021,0.00319658,0.308808,0.0001,1e-05
150,851.452,0.0622064,0.0124004,0.261936,1,0.782056,1,0.84375,0.0455783,0.00317402,0.209532,0.0001,1e-05
151,857.3,0.0591815,0.00534612,0.264161,1,0.755944,1,0.811625,0.0517939,0.00317852,0.236369,0.0001,1e-05
152,863.051,0.0598596,0.0110297,0.268933,1,0.772626,1,0.8145,0.0479947,0.00340769,0.226632,0.0001,1e-05
153,868.691,0.0578886,0.00613252,0.253106,0.999238,0.70983,0.999238,0.796,0.0524932,0.00361008,0.27214,0.0001,1e-05
154,874.481,0.0646548,0.00594068,0.27817,1,0.804837,1,0.8525,0.0467531,0.00338573,0.213022,0.0001,1e-05
155,880.364,0.056164,0.00643767,0.228477,1,0.793888,1,0.85225,0.0447115,0.00298951,0.216538,0.0001,1e-05
156,886.395,0.0614937,0.00808102,0.293156,1,0.693669,1,0.831875,0.0501335,0.00313824,0.276738,0.0001,1e-05
157,892.041,0.0643122,0.00913834,0.279546,1,0.786525,1,0.830375,0.0452502,0.00386089,0.218933,0.0001,1e-05
158,897.937,0.0737453,0.0145821,0.277833,1,0.76824,1,0.857375,0.0471466,0.00427612,0.240351,0.0001,1e-05
159,903.612,0.0731817,0.0125108,0.295461,0.994342,0.688142,0.994342,0.82925,0.0528167,0.0128821,0.244884,0.0001,1e-05
160,909.263,0.0754115,0.013196,0.325588,0.997878,0.708196,0.997878,0.793125,0.0555462,0.00968726,0.305748,0.0001,1e-05
161,914.982,0.0624823,0.0095052,0.276467,0.999238,0.736792,0.999238,0.846875,0.0551861,0.00429886,0.241538,0.0001,1e-05
162,920.615,0.070098,0.00608423,0.301456,1,0.708276,1,0.785625,0.0635305,0.0038371,0.303477,0.0001,1e-05
163,926.36,0.0669816,0.00628675,0.282297,1,0.730518,1,0.7805,0.0592416,0.00380946,0.271847,0.0001,1e-05
164,931.952,0.0658146,0.0100612,0.293787,1,0.691805,1,0.80675,0.0560479,0.00342835,0.292402,0.0001,1e-05
165,937.749,0.0592722,0.00490048,0.274127,1,0.628304,1,0.716,0.0672184,0.0038761,0.375319,0.0001,1e-05
166,943.363,0.0619608,0.00759961,0.276151,1,0.774997,1,0.826125,0.046396,0.00388358,0.236815,0.0001,1e-05
167,948.981,0.0601301,0.0070819,0.256226,1,0.735203,1,0.782875,0.0495625,0.0038093,0.262444,0.0001,1e-05
168,954.671,0.0566282,0.0150131,0.253379,1,0.774761,1,0.81725,0.0483083,0.00310992,0.230523,0.0001,1e-05
169,960.361,0.055283,0.00657538,0.244987,0.996949,0.69452,0.996949,0.747375,0.0547838,0.00374172,0.292822,0.0001,1e-05
170,966.001,0.0697521,0.00875022,0.285124,1,0.720711,1,0.803125,0.0451771,0.00328544,0.228221,0.0001,1e-05
171,971.755,0.0598615,0.00950028,0.274573,1,0.742138,1,0.792875,0.05659,0.00314251,0.280943,0.0001,1e-05
172,977.491,0.0597687,0.00860924,0.249088,1,0.772621,1,0.807,0.0496943,0.00300745,0.225105,0.0001,1e-05
173,983.087,0.057472,0.00733508,0.260882,1,0.728318,1,0.772,0.0634844,0.00286523,0.275114,0.0001,1e-05
174,988.758,0.0613087,0.00482761,0.263483,1,0.780983,1,0.81475,0.0417974,0.00308663,0.204381,0.0001,1e-05
175,994.628,0.0600319,0.00830892,0.254986,0.999238,0.581826,0.999238,0.7095,0.0618412,0.0034743,0.361059,0.0001,1e-05
176,1000.44,0.058176,0.00663131,0.293105,0.996949,0.62927,0.996949,0.743125,0.0579067,0.00381952,0.328823,0.0001,1e-05
177,1006.04,0.0655673,0.0101788,0.331732,1,0.673832,1,0.733125,0.0579093,0.00299869,0.31082,0.0001,1e-05
178,1011.72,0.0571463,0.0078131,0.246016,1,0.768673,1,0.820125,0.0473532,0.00294279,0.222216,0.0001,1e-05
179,1017.45,0.0544808,0.00794112,0.245212,1,0.765397,1,0.82725,0.0543363,0.00241463,0.244807,0.0001,1e-05
180,1023.1,0.0645937,0.00557174,0.300439,1,0.726781,1,0.789625,0.0552461,0.0023392,0.269178,0.0001,1e-05
181,1028.88,0.0589616,0.0102385,0.262254,1,0.755459,1,0.809625,0.0491967,0.00226271,0.238953,0.0001,1e-05
182,1034.33,0.0517778,0.00408804,0.219744,0.997741,0.817345,0.997741,0.853125,0.0437974,0.00344778,0.186571,0.0001,1e-05
183,1039.99,0.0527371,0.00567506,0.233906,1,0.769845,1,0.813625,0.0453998,0.00223404,0.222896,0.0001,1e-05
184,1045.63,0.0591385,0.00795217,0.263015,1,0.724076,1,0.7875,0.0726882,0.00229509,0.286318,0.0001,1e-05
185,1051.39,0.0626279,0.0101644,0.275979,1,0.713726,1,0.77175,0.0553606,0.0025239,0.270637,0.0001,1e-05
186,1057.09,0.0550191,0.00608016,0.260223,1,0.693752,1,0.770625,0.0544221,0.00213449,0.280557,0.0001,1e-05
187,1062.95,0.058004,0.00543499,0.260495,1,0.774627,1,0.84025,0.0492284,0.00210221,0.209927,0.0001,1e-05
188,1068.6,0.0551527,0.00418254,0.269945,1,0.712289,1,0.795125,0.0551344,0.00211095,0.263847,0.0001,1e-05
189,1074.14,0.0515012,0.00398849,0.240136,1,0.7195,1,0.793,0.0505822,0.00236577,0.252726,0.0001,1e-05
190,1079.91,0.0610737,0.00348117,0.277756,1,0.805644,1,0.843125,0.0411259,0.00246657,0.193739,0.0001,1e-05
191,1085.7,0.051216,0.00490377,0.233339,1,0.74293,1,0.79875,0.0459787,0.00244442,0.219947,0.0001,1e-05
192,1091.56,0.0620283,0.00503117,0.287316,1,0.707017,1,0.756875,0.0576957,0.00270999,0.291466,0.0001,1e-05
193,1097.37,0.0663306,0.00783775,0.284475,0.999238,0.69613,0.999238,0.7545,0.0547188,0.00281262,0.279886,0.0001,1e-05
194,1103.23,0.0716992,0.00435519,0.282711,0.998533,0.662999,0.998533,0.722,0.0797158,0.00276369,0.334596,0.0001,1e-05
195,1109,0.0663268,0.00587148,0.270095,0.999238,0.611234,0.999238,0.68875,0.0622965,0.00247615,0.357367,0.0001,1e-05
196,1114.83,0.0563209,0.00780195,0.256927,1,0.789795,1,0.8215,0.0515493,0.00248467,0.230601,0.0001,1e-05
197,1120.6,0.0531375,0.0038918,0.251894,0.999238,0.708895,0.999238,0.764125,0.0518666,0.00260511,0.281667,0.0001,1e-05
198,1126.3,0.0563886,0.00442056,0.249326,0.999238,0.727278,0.999238,0.77775,0.0539736,0.00285365,0.265838,0.0001,1e-05
199,1131.85,0.0687558,0.00523938,0.328402,0.999238,0.6839,0.999238,0.7515,0.068178,0.00258657,0.298042,0.0001,1e-05
200,1138.23,0.0626461,0.00384486,0.278799,0.999238,0.740812,0.999238,0.78175,0.0532638,0.00240715,0.267226,1e-05,1e-06
201,1143.95,0.0532714,0.00424866,0.224722,0.999238,0.834147,0.999238,0.857625,0.0447964,0.00236552,0.176355,1e-05,1e-06
202,1149.66,0.0500925,0.00639215,0.211853,0.999238,0.848356,0.999238,0.879,0.0421954,0.00236794,0.166107,1e-05,1e-06
203,1155.58,0.0429336,0.00556419,0.195516,0.999238,0.843053,0.999238,0.87075,0.0422876,0.00240293,0.17537,1e-05,1e-06
204,1161.4,0.0458529,0.00474608,0.192168,0.999238,0.842301,0.999238,0.865625,0.040761,0.00240854,0.166262,1e-05,1e-06
205,1167.16,0.0435479,0.00375862,0.18649,0.999238,0.81392,0.999238,0.84175,0.0416824,0.00239313,0.18863,1e-05,1e-06
206,1172.77,0.043101,0.00660742,0.195353,0.999238,0.793861,0.999238,0.842,0.0426145,0.00235638,0.18617,1e-05,1e-06
207,1178.37,0.0435658,0.00393609,0.190796,0.999238,0.793611,0.999238,0.821875,0.0428384,0.00230219,0.205904,1e-05,1e-06
208,1184.05,0.0487551,0.00388706,0.205432,0.999238,0.834499,0.999238,0.863625,0.0428688,0.00226099,0.177306,1e-05,1e-06
209,1189.79,0.0451797,0.00569762,0.187708,0.999238,0.826882,0.999238,0.85825,0.0408978,0.00225061,0.17752,1e-05,1e-06
210,1195.53,0.0400625,0.00502804,0.168393,0.999238,0.82532,0.999238,0.861375,0.0403512,0.00219559,0.169811,1e-05,1e-06
211,1201.14,0.0398021,0.00318997,0.179369,0.999238,0.841241,0.999238,0.884125,0.040417,0.00217786,0.165024,1e-05,1e-06
212,1207.13,0.0419412,0.00356851,0.18686,0.999238,0.817144,0.999238,0.846,0.0413758,0.002191,0.186448,1e-05,1e-06
213,1212.63,0.0401131,0.00510397,0.186949,0.999238,0.841158,0.999238,0.879,0.0403539,0.00219275,0.165439,1e-05,1e-06
214,1218.24,0.0366423,0.00332869,0.166921,0.999238,0.833833,0.999238,0.869625,0.0405685,0.00214232,0.172374,1e-05,1e-06
215,1223.97,0.0391158,0.0073173,0.168303,0.999238,0.831881,0.999238,0.86225,0.0405426,0.00211654,0.178306,1e-05,1e-06
216,1229.94,0.0419577,0.00558052,0.181306,0.999238,0.84002,0.999238,0.87275,0.0398188,0.00213773,0.164553,1e-05,1e-06
217,1235.85,0.040677,0.0059513,0.173017,0.999238,0.823868,0.999238,0.8565,0.0407208,0.0021233,0.179682,1e-05,1e-06
218,1241.54,0.0411266,0.00496566,0.178915,0.999238,0.846132,0.999238,0.882375,0.0398816,0.0021289,0.159853,1e-05,1e-06
219,1247.23,0.041654,0.00327296,0.178808,0.999238,0.828711,0.999238,0.8605,0.0409293,0.00213295,0.172979,1e-05,1e-06
220,1252.87,0.0443651,0.00321466,0.180982,0.999238,0.844054,0.999238,0.8685,0.0403536,0.0021218,0.16856,1e-05,1e-06
221,1258.83,0.0405481,0.00338331,0.173563,0.999238,0.848459,0.999238,0.875,0.0396019,0.00210875,0.161984,1e-05,1e-06
222,1264.5,0.0421656,0.00355874,0.175456,0.999238,0.829104,0.999238,0.849375,0.0411422,0.0020942,0.180525,1e-05,1e-06
223,1270.24,0.0417612,0.00371742,0.178551,0.999238,0.837881,0.999238,0.867875,0.0407,0.00206777,0.163069,1e-05,1e-06
224,1275.82,0.039479,0.00336959,0.173346,0.999238,0.837893,0.999238,0.87275,0.0402004,0.00208098,0.166812,1e-05,1e-06
225,1281.59,0.0523947,0.00763206,0.182517,0.999238,0.847383,0.999238,0.87675,0.0398723,0.00209463,0.158988,1e-05,1e-06
226,1287.22,0.0399189,0.00351096,0.16867,0.999238,0.818844,0.999238,0.84375,0.0413498,0.0020816,0.188599,1e-05,1e-06
227,1292.78,0.040583,0.00456738,0.17974,0.999238,0.843477,0.999238,0.879,0.0391104,0.00200326,0.159746,1e-05,1e-06
228,1298.67,0.0402908,0.00290137,0.171366,0.999238,0.849142,0.999238,0.871875,0.0412809,0.00199526,0.169911,1e-05,1e-06
229,1304.14,0.0437924,0.0037314,0.185653,0.999238,0.819122,0.999238,0.851375,0.0414147,0.00202238,0.180926,1e-05,1e-06
230,1309.74,0.0415659,0.0031127,0.173783,0.999238,0.860206,0.999238,0.892375,0.0384981,0.00198994,0.155924,1e-05,1e-06
231,1315.48,0.0399039,0.0055283,0.17481,0.999238,0.840763,0.999238,0.880125,0.0399733,0.00197297,0.165298,1e-05,1e-06
232,1321.1,0.03886,0.00373241,0.179337,0.999238,0.833511,0.999238,0.8625,0.0406211,0.00197883,0.171102,1e-05,1e-06
233,1326.82,0.0426637,0.00647558,0.178288,0.999238,0.84196,0.999238,0.873,0.0405306,0.00192028,0.16566,1e-05,1e-06
234,1332.74,0.042955,0.00551299,0.182806,0.999238,0.822024,0.999238,0.850875,0.041245,0.00192041,0.171463,1e-05,1e-06
235,1338.4,0.0388554,0.00384066,0.183772,0.999238,0.836369,0.999238,0.8585,0.0422212,0.00193257,0.172843,1e-05,1e-06
236,1344.11,0.0384354,0.00344123,0.173865,0.999238,0.837797,0.999238,0.8605,0.0408583,0.00195671,0.169848,1e-05,1e-06
237,1349.97,0.0421864,0.00613895,0.172802,0.999238,0.8475,0.999238,0.877875,0.0392983,0.00201649,0.158316,1e-05,1e-06
238,1355.73,0.0542134,0.00749283,0.204248,0.999238,0.834779,0.999238,0.8625,0.0408051,0.00206679,0.175932,1e-05,1e-06
239,1361.43,0.0431463,0.0037208,0.183686,0.999238,0.845008,0.999238,0.873625,0.0400479,0.00209705,0.164906,1e-05,1e-06
240,1367.29,0.0368054,0.00343824,0.164287,0.999238,0.852566,0.999238,0.883,0.0399729,0.00207229,0.165964,1e-05,1e-06
241,1373.06,0.0393295,0.00342549,0.179832,0.999238,0.852791,0.999238,0.881875,0.0401334,0.00209549,0.161247,1e-05,1e-06
242,1378.76,0.0400313,0.0033318,0.176535,0.999238,0.841556,0.999238,0.8645,0.040148,0.00200871,0.16416,1e-05,1e-06
243,1384.58,0.0396986,0.00515386,0.172347,0.999238,0.836658,0.999238,0.861375,0.041226,0.00201644,0.173109,1e-05,1e-06
244,1390.34,0.0427481,0.004025,0.173104,0.999238,0.840074,0.999238,0.859375,0.0400224,0.00198236,0.171759,1e-05,1e-06
245,1396.08,0.0418794,0.00412811,0.173467,0.999238,0.851292,0.999238,0.87675,0.0385819,0.00203256,0.161029,1e-05,1e-06
246,1401.86,0.0392048,0.00394752,0.168246,0.999238,0.844231,0.999238,0.867625,0.0388165,0.00202233,0.16169,1e-05,1e-06
247,1407.36,0.0420172,0.0055243,0.182296,0.999238,0.835753,0.999238,0.859375,0.0395259,0.00193219,0.169817,1e-05,1e-06
248,1413.1,0.0401805,0.00350347,0.171039,0.999238,0.850902,0.999238,0.879875,0.0386772,0.00197677,0.15717,1e-05,1e-06
249,1418.81,0.0381156,0.00283905,0.169679,0.999238,0.827158,0.999238,0.853125,0.0404439,0.00202544,0.183584,1e-05,1e-06
250,1424.55,0.0411756,0.00323893,0.166422,0.999238,0.842066,0.999238,0.869875,0.0391504,0.00201986,0.164234,1e-05,1e-06
251,1430.08,0.0399627,0.00515736,0.171173,0.999238,0.84283,0.999238,0.86875,0.0383772,0.0020092,0.167924,1e-05,1e-06
252,1435.84,0.0424999,0.00613178,0.182745,0.999238,0.822372,0.999238,0.844875,0.0402773,0.00204496,0.185503,1e-05,1e-06
253,1441.45,0.040205,0.00591319,0.171711,0.999238,0.844935,0.999238,0.875625,0.0364801,0.00200544,0.157912,1e-05,1e-06
254,1447.1,0.0382811,0.00322585,0.172612,0.999238,0.821496,0.999238,0.844625,0.0400946,0.00202621,0.183343,1e-05,1e-06
255,1452.73,0.0381938,0.00548442,0.162824,0.999238,0.857691,0.999238,0.885,0.0377523,0.00197324,0.155625,1e-05,1e-06
256,1458.59,0.0401821,0.00345207,0.171163,0.999238,0.849214,0.999238,0.86675,0.0399064,0.00195372,0.174429,1e-05,1e-06
257,1464.49,0.0410211,0.00489702,0.166608,0.999238,0.838626,0.999238,0.865625,0.0397755,0.00196635,0.173317,1e-05,1e-06
258,1470.28,0.0471896,0.00811365,0.173394,0.999238,0.8371,0.999238,0.869375,0.0385896,0.00193107,0.170433,1e-05,1e-06
259,1476.07,0.0385202,0.00702649,0.165725,0.999238,0.82647,0.999238,0.849125,0.039375,0.00187024,0.178308,1e-05,1e-06
260,1481.64,0.0416964,0.00437001,0.187047,0.999238,0.82049,0.999238,0.852875,0.0390329,0.0018179,0.180714,1e-05,1e-06
261,1487.53,0.0416602,0.00422743,0.171605,0.999238,0.8164,0.999238,0.8435,0.040413,0.00178658,0.188053,1e-05,1e-06
262,1493.31,0.042704,0.0048352,0.176915,1,0.81546,1,0.844625,0.0413465,0.00175414,0.185953,1e-05,1e-06
263,1499.2,0.0377276,0.00482345,0.161668,1,0.843834,1,0.875625,0.0394039,0.00173734,0.168017,1e-05,1e-06
264,1504.98,0.0412283,0.00498297,0.17718,1,0.822961,1,0.848625,0.0406265,0.00173908,0.184525,1e-05,1e-06
265,1510.81,0.0388092,0.00377562,0.168911,1,0.843439,1,0.867625,0.0403676,0.00174962,0.169113,1e-05,1e-06
266,1516.31,0.0434619,0.00559012,0.185521,1,0.823693,1,0.850625,0.0401769,0.001741,0.18274,1e-05,1e-06
267,1522.05,0.0407608,0.00398052,0.168155,1,0.838898,1,0.86625,0.0394187,0.00174815,0.169688,1e-05,1e-06
268,1527.72,0.0401111,0.0027688,0.174025,1,0.844987,1,0.871625,0.0393,0.00175852,0.163829,1e-05,1e-06
269,1533.56,0.0446849,0.00525154,0.171758,1,0.823231,1,0.854875,0.0398868,0.00177856,0.173778,1e-05,1e-06
270,1539.33,0.0428169,0.0116592,0.168929,1,0.827754,1,0.854,0.0403872,0.00182088,0.18241,1e-05,1e-06
271,1545.08,0.0386505,0.00346616,0.16863,0.999238,0.828609,0.999238,0.863125,0.039294,0.00191933,0.170751,1e-05,1e-06
272,1550.68,0.0420355,0.00342007,0.174362,1,0.831749,1,0.8605,0.039499,0.00190313,0.174363,1e-05,1e-06
273,1556.65,0.0420986,0.00880628,0.167359,0.999238,0.829097,0.999238,0.86,0.0389451,0.0019477,0.168791,1e-05,1e-06
274,1562.32,0.0393853,0.00608274,0.178546,0.999238,0.825545,0.999238,0.848875,0.0401413,0.00197029,0.180814,1e-05,1e-06
275,1568,0.0422368,0.00545534,0.176839,0.999238,0.828564,0.999238,0.852,0.0403916,0.0019717,0.177628,1e-05,1e-06
276,1573.54,0.0398463,0.00326573,0.166156,0.999238,0.836548,0.999238,0.8605,0.0405069,0.00203448,0.172023,1e-05,1e-06
277,1579.18,0.0382672,0.00695784,0.174302,0.999238,0.822148,0.999238,0.842875,0.0404457,0.00194882,0.184965,1e-05,1e-06
278,1584.89,0.0387119,0.0051521,0.166598,0.999238,0.834922,0.999238,0.859625,0.0395392,0.0019384,0.173516,1e-05,1e-06
279,1590.77,0.0411274,0.00412582,0.176561,0.999238,0.838103,0.999238,0.865375,0.0378419,0.00196161,0.168885,1e-05,1e-06
280,1596.57,0.0388474,0.00745864,0.168742,0.999238,0.821874,0.999238,0.84775,0.0396542,0.00195109,0.1795,1e-05,1e-06
281,1602.13,0.0386831,0.00370057,0.166784,0.999238,0.816884,0.999238,0.849375,0.041526,0.00191686,0.183684,1e-05,1e-06
282,1608.1,0.0373104,0.00271285,0.164806,0.999238,0.843018,0.999238,0.879875,0.038536,0.00192109,0.157472,1e-05,1e-06
283,1613.68,0.0368065,0.00286743,0.163214,0.999238,0.81775,0.999238,0.842625,0.0402091,0.00190139,0.190434,1e-05,1e-06
284,1619.32,0.0422053,0.00578721,0.18103,0.999238,0.852886,0.999238,0.88275,0.037704,0.00188511,0.152923,1e-05,1e-06
285,1625.06,0.0401444,0.00418594,0.171745,1,0.831946,1,0.8605,0.038603,0.00183905,0.165292,1e-05,1e-06
286,1630.8,0.0466519,0.00635907,0.195784,1,0.825134,1,0.855375,0.0391546,0.00181429,0.171665,1e-05,1e-06
287,1636.53,0.0361739,0.0059031,0.16203,1,0.832867,1,0.85225,0.0403075,0.00181785,0.171614,1e-05,1e-06
288,1642.12,0.0397412,0.00805488,0.173322,1,0.844133,1,0.881,0.0378455,0.00181405,0.154071,1e-05,1e-06
289,1648.06,0.0451147,0.00640984,0.177587,1,0.83751,1,0.865625,0.0384219,0.00181587,0.162743,1e-05,1e-06
290,1653.78,0.0419768,0.0060995,0.174891,1,0.842801,1,0.8665,0.0373477,0.00187464,0.158549,1e-05,1e-06
291,1659.57,0.0381616,0.00361854,0.169537,1,0.833005,1,0.85225,0.0394454,0.00188639,0.172086,1e-05,1e-06
292,1665.16,0.0404559,0.00469098,0.176413,1,0.834424,1,0.8585,0.039658,0.00190531,0.163946,1e-05,1e-06
293,1670.63,0.0396757,0.00297053,0.169586,1,0.839863,1,0.859625,0.0396949,0.00191954,0.168003,1e-05,1e-06
294,1676.42,0.0407574,0.00963314,0.174453,1,0.841916,1,0.867875,0.0376318,0.00187213,0.156037,1e-05,1e-06
295,1682.05,0.0416339,0.00390061,0.176895,1,0.840723,1,0.867875,0.0392077,0.00190135,0.167201,1e-05,1e-06
296,1687.84,0.0368943,0.00998023,0.171987,1,0.847949,1,0.875625,0.037391,0.00186938,0.161143,1e-05,1e-06
297,1693.33,0.0418603,0.00629335,0.175399,1,0.830624,1,0.859625,0.0412237,0.0018782,0.18077,1e-05,1e-06
298,1698.9,0.0368902,0.00330489,0.172688,1,0.829121,1,0.863125,0.0380407,0.00187345,0.16654,1e-05,1e-06
299,1704.53,0.0374293,0.00296327,0.172286,1,0.834968,1,0.86425,0.0384306,0.0018438,0.163903,1e-05,1e-06
300,1710.7,0.041152,0.00599665,0.170439,1,0.822769,1,0.856,0.0388031,0.00191489,0.167537,1e-05,1e-06
